[Variable containing:
 -0.8976  -0.9683   0.4711  ...    0.8211  -1.5191  -0.9727
  1.9149   1.4603  -0.4233  ...   -1.1340   2.2143   1.2090
  2.7803   0.6583   0.0810  ...   -1.2733   2.9431   0.2504
           ...               ⋱              ...            
  3.1222   0.2429   0.3690  ...   -1.2692   3.2191  -0.3633
  1.3592   1.6268  -0.5722  ...   -0.8940   1.6379   1.4185
 -0.7523  -0.4814   0.1748  ...    0.6745  -1.1725  -0.5207
[torch.FloatTensor of size 100x10]
, Variable containing:
-7.4903e-01 -4.7424e-01  1.7090e-01  ...   6.7178e-01 -1.1665e+00 -5.1407e-01
-4.6705e-02  8.3603e-01 -3.9723e-01  ...   1.0540e-01 -8.4688e-02  6.5731e-01
-8.2347e-01 -7.1289e-01  3.0274e-01  ...   7.4513e-01 -1.3287e+00 -7.3647e-01
                ...                   ⋱                   ...                
 2.7436e+00  6.9587e-01  5.4630e-02  ...  -1.2710e+00  2.9124e+00  3.0552e-01
-8.3390e-01 -7.4702e-01  3.2412e-01  ...   7.5504e-01 -1.3535e+00 -7.6839e-01
 2.5624e+00  9.1167e-01 -8.7456e-02  ...  -1.2639e+00  2.7624e+00  5.9120e-01
[torch.FloatTensor of size 100x10]
, Variable containing:
-0.8539 -0.8160  0.3686  ...   0.7755 -1.4038 -0.8324
 0.3957  1.3306 -0.5503  ...  -0.2417  0.5150  1.1223
 2.9438  0.4594  0.2177  ...  -1.2724  3.0754 -0.0410
          ...             ⋱             ...          
 3.6406 -0.4226  0.8236  ...  -1.2490  3.6315 -1.3572
 3.1714  0.1812  0.4116  ...  -1.2678  3.2586 -0.4551
-1.1808 -1.9599  1.2419  ...   1.1108 -2.2895 -1.9550
[torch.FloatTensor of size 100x10]
, Variable containing:
 -0.9429  -1.1239   0.5830  ...    0.8667  -1.6398  -1.1196
 -1.0512  -1.4981   0.8691  ...    0.9775  -1.9351  -1.4860
 -0.7152  -0.4030   0.1349  ...    0.6435  -1.1093  -0.4491
           ...               ⋱              ...            
 -0.5882  -0.1410   0.0117  ...    0.5410  -0.9046  -0.2188
  1.7741   1.5233  -0.4721  ...   -1.0815   2.0784   1.2816
  1.2895   1.6349  -0.5826  ...   -0.8583   1.5618   1.4336
[torch.FloatTensor of size 100x10]
, Variable containing:
  0.1164   1.0458  -0.4758  ...   -0.0190   0.1467   0.8534
 -0.3658   0.2929  -0.1759  ...    0.3592  -0.5571   0.1614
 -1.0143  -1.3685   0.7692  ...    0.9395  -1.8341  -1.3592
           ...               ⋱              ...            
  1.6623   1.5644  -0.5067  ...   -1.0363   1.9660   1.3305
 -0.8666  -0.8597   0.3976  ...    0.7888  -1.4367  -0.8733
  3.0873   0.2811   0.3416  ...   -1.2685   3.1903  -0.3055
[torch.FloatTensor of size 100x10]
, Variable containing:
-1.1419e+00 -1.8150e+00  1.1199e+00  ...   1.0713e+00 -2.1818e+00 -1.8050e+00
 2.2792e-01 -3.2357e+00  2.1671e+00  ...   1.0254e+00 -6.9847e-01 -4.3533e+00
-9.6385e-01 -1.1949e+00  6.3643e-01  ...   8.8746e-01 -1.6960e+00 -1.1888e+00
                ...                   ⋱                   ...                
-6.0845e-01 -1.8196e-01  2.9747e-02  ...   5.5743e-01 -9.3607e-01 -2.5442e-01
-8.9110e-01 -9.4521e-01  4.5537e-01  ...   8.1430e-01 -1.5018e+00 -9.5163e-01
-9.6481e-01 -1.1980e+00  6.3876e-01  ...   8.8847e-01 -1.6985e+00 -1.1919e+00
[torch.FloatTensor of size 100x10]
, Variable containing:
  0.0743   0.9950  -0.4565  ...    0.0131   0.0869   0.8047
  0.5831   1.4822  -0.5889  ...   -0.3938   0.7594   1.2689
  3.0340   0.3451   0.2968  ...   -1.2692   3.1471  -0.2101
           ...               ⋱              ...            
 -0.9035  -0.9889   0.4853  ...    0.8273  -1.5348  -0.9918
 -1.0774  -1.5892   0.9400  ...    1.0049  -2.0062  -1.5771
 -1.1224  -1.7471   1.0652  ...    1.0516  -2.1303  -1.7354
[torch.FloatTensor of size 100x10]
, Variable containing:
  0.2237   1.1617  -0.5091  ...   -0.1023   0.2877   0.9625
  3.1871   0.1611   0.4253  ...   -1.2673   3.2712  -0.4849
 -0.8579  -0.8297   0.3776  ...    0.7797  -1.4140  -0.8453
           ...               ⋱              ...            
 -1.2035  -2.0390   1.3024  ...    1.1360  -2.3555  -2.0314
 -0.8791  -0.9031   0.4267  ...    0.8018  -1.4698  -0.9134
 -0.7646  -0.5197   0.1947  ...    0.6865  -1.1975  -0.5560
[torch.FloatTensor of size 100x10]
, Variable containing:
 -0.8988  -0.9724   0.4740  ...    0.8224  -1.5224  -0.9766
  0.6399   1.5175  -0.5950  ...   -0.4395   0.8297   1.3037
  2.9589   0.4429   0.2296  ...   -1.2727   3.0879  -0.0659
           ...               ⋱              ...            
 -0.6669  -0.3015   0.0846  ...    0.6046  -1.0290  -0.3591
 -0.4732   0.0869  -0.0873  ...    0.4470  -0.7243  -0.0207
 -0.2531   0.4973  -0.2621  ...    0.2686  -0.3847   0.3456
[torch.FloatTensor of size 100x10]
, Variable containing:
-0.8559 -0.8228  0.3732  ...   0.7776 -1.4090 -0.8388
-1.1514 -1.8509  1.1485  ...   1.0813 -2.2098 -1.8403
 1.3556 -5.9688  3.8566  ...   1.6571  0.0928 -8.3670
          ...             ⋱             ...          
 1.9343  1.4414 -0.4122  ...  -1.1396  2.2312  1.1900
-0.8548 -0.8192  0.3706  ...   0.7765 -1.4060 -0.8354
 1.8797  1.4746 -0.4345  ...  -1.1208  2.1801  1.2253
[torch.FloatTensor of size 100x10]
, Variable containing:
 0.7100  1.5531 -0.6007  ...  -0.4938  0.9135  1.3398
-0.2721  0.4641 -0.2482  ...   0.2836 -0.4133  0.3153
-0.1492  0.6717 -0.3335  ...   0.1872 -0.2324  0.5068
          ...             ⋱             ...          
 0.1998  1.1371 -0.5025  ...  -0.0837  0.2566  0.9391
 0.2385  1.1758 -0.5125  ...  -0.1140  0.3065  0.9761
-0.6387 -1.2468  0.9863  ...   0.5674 -1.4127 -1.4819
[torch.FloatTensor of size 100x10]
, Variable containing:
 3.0885e+00  2.8868e-01  3.3784e-01  ...  -1.2713e+00  3.1927e+00 -2.9618e-01
 2.7704e+00  6.7420e-01  7.0798e-02  ...  -1.2744e+00  2.9360e+00  2.7260e-01
 1.7427e+00  1.5365e+00 -4.8260e-01  ...  -1.0696e+00  2.0478e+00  1.2972e+00
                ...                   ⋱                   ...                
 1.7250e+00  1.5426e+00 -4.8798e-01  ...  -1.0622e+00  2.0302e+00  1.3046e+00
-8.1779e-01 -6.9420e-01  2.9190e-01  ...   7.3959e-01 -1.3160e+00 -7.1894e-01
-8.7184e-01 -8.7725e-01  4.0933e-01  ...   7.9416e-01 -1.4501e+00 -8.8981e-01
[torch.FloatTensor of size 100x10]
, Variable containing:
 3.6577 -0.4441  0.8382  ...  -1.2485  3.6452 -1.3894
-0.9039 -0.9905  0.4864  ...   0.8278 -1.5361 -0.9933
-0.5721 -0.1084 -0.0027  ...   0.5278 -0.8793 -0.1904
          ...             ⋱             ...          
 1.8851  1.4589 -0.4269  ...  -1.1202  2.1833  1.2101
 1.6364  1.5663 -0.5109  ...  -1.0248  1.9379  1.3343
 0.3128  1.2501 -0.5308  ...  -0.1736  0.4039  1.0469
[torch.FloatTensor of size 100x10]
, Variable containing:
-8.4926e-01 -7.9998e-01  3.5820e-01  ...   7.7070e-01 -1.3919e+00 -8.1750e-01
-5.4842e-02  8.2321e-01 -3.9229e-01  ...   1.1201e-01 -9.6595e-02  6.4523e-01
-9.4258e-01 -1.1230e+00  5.8232e-01  ...   8.6646e-01 -1.6392e+00 -1.1188e+00
                ...                   ⋱                   ...                
 3.7105e+00 -5.1396e-01  8.8528e-01  ...  -1.2456e+00  3.6868e+00 -1.4931e+00
 1.9085e+00  1.4549e+00 -4.2178e-01  ...  -1.1304e+00  2.2065e+00  1.2045e+00
 3.4903e+00 -2.2607e-01  6.9102e-01  ...  -1.2558e+00  3.5122e+00 -1.0652e+00
[torch.FloatTensor of size 100x10]
, Variable containing:
 -1.0131  -1.3636   0.7654  ...    0.9380  -1.8301  -1.3541
 -0.6546  -0.2765   0.0727  ...    0.5948  -1.0093  -0.3369
 -0.8826  -0.9154   0.4351  ...    0.8055  -1.4792  -0.9246
           ...               ⋱              ...            
  3.1775   0.1723   0.4175  ...   -1.2673   3.2632  -0.4681
  0.3052   1.2423  -0.5289  ...   -0.1674   0.3936   1.0395
  0.9018   1.6191  -0.6101  ...   -0.6277   1.1378   1.4143
[torch.FloatTensor of size 100x10]
, Variable containing:
  0.6664   1.5342  -0.5983  ...   -0.4606   0.8626   1.3199
 -1.0745  -1.5797   0.9327  ...    1.0015  -1.9985  -1.5671
 -0.9906  -1.2870   0.7067  ...    0.9150  -1.7693  -1.2790
           ...               ⋱              ...            
 -1.0645  -1.5444   0.9052  ...    0.9911  -1.9711  -1.5320
 -0.8196  -0.7004   0.2953  ...    0.7415  -1.3199  -0.7248
 -0.5797  -0.1238   0.0041  ...    0.5340  -0.8912  -0.2038
[torch.FloatTensor of size 100x10]
, Variable containing:
 -0.9267  -1.0689   0.5423  ...    0.8509  -1.5966  -1.0672
  0.2170   1.1549  -0.5074  ...   -0.0970   0.2791   0.9561
  0.1468   1.0810  -0.4879  ...   -0.0423   0.1884   0.8868
           ...               ⋱              ...            
  0.7839   1.5825  -0.6044  ...   -0.5483   1.0009   1.3718
 -1.1105  -1.7054   1.0320  ...    1.0391  -2.0976  -1.6933
 -0.8915  -0.9468   0.4564  ...    0.8147  -1.5030  -0.9530
[torch.FloatTensor of size 100x10]
, Variable containing:
-8.4822e-01 -7.9612e-01  3.5578e-01  ...   7.6954e-01 -1.3892e+00 -8.1396e-01
-5.7870e-01 -1.2167e-01  3.1320e-03  ...   5.3324e-01 -8.8958e-01 -2.0202e-01
 3.0386e+00  3.4253e-01  2.9907e-01  ...  -1.2701e+00  3.1514e+00 -2.1452e-01
                ...                   ⋱                   ...                
-4.8174e-01  7.0276e-02 -8.0053e-02  ...   4.5391e-01 -7.3763e-01 -3.5267e-02
-9.8621e-01 -1.2718e+00  6.9506e-01  ...   9.1043e-01 -1.7572e+00 -1.2641e+00
 2.4298e+00  1.0691e+00 -1.8383e-01  ...  -1.2527e+00  2.6528e+00  7.8026e-01
[torch.FloatTensor of size 100x10]
, Variable containing:
 1.7671  1.5259 -0.4743  ...  -1.0787  2.0715  1.2847
-0.8530 -0.8127  0.3666  ...   0.7745 -1.4015 -0.8294
-1.0143 -1.3688  0.7694  ...   0.9395 -1.8343 -1.3593
          ...             ⋱             ...          
 1.4021  1.6284 -0.5686  ...  -0.9160  1.6860  1.4161
-1.0075 -1.3452  0.7513  ...   0.9324 -1.8155 -1.3360
-1.2243 -2.1189  1.3830  ...   1.1583 -2.4089 -2.1262
[torch.FloatTensor of size 100x10]
, Variable containing:
 1.4033  1.6280 -0.5683  ...  -0.9165  1.6872  1.4156
-0.8844 -0.9218  0.4394  ...   0.8074 -1.4840 -0.9303
-0.1471  0.6753 -0.3349  ...   0.1855 -0.2293  0.5100
          ...             ⋱             ...          
 3.0157  0.3741  0.2776  ...  -1.2717  3.1337 -0.1683
 0.1369  1.0696 -0.4847  ...  -0.0345  0.1753  0.8763
 0.3686  1.3045 -0.5438  ...  -0.2192  0.4786  1.0980
[torch.FloatTensor of size 100x10]
, Variable containing:
 -0.9048  -0.9937   0.4886  ...    0.8287  -1.5385  -0.9962
 -1.1032  -1.6792   1.0110  ...    1.0316  -2.0773  -1.6671
  0.1855   1.1227  -0.4990  ...   -0.0726   0.2386   0.9257
           ...               ⋱              ...            
 -0.7770  -0.5606   0.2164  ...    0.6990  -1.2242  -0.5938
 -0.0688   0.8016  -0.3839  ...    0.1231  -0.1163   0.6254
  0.4504   1.3800  -0.5632  ...   -0.2869   0.5881   1.1691
[torch.FloatTensor of size 100x10]
, Variable containing:
 -0.8645  -0.8523   0.3926  ...    0.7866  -1.4310  -0.8664
 -0.9687  -1.1763   0.9596  ...    0.6441  -1.8865  -1.3276
  2.9308   0.4806   0.2038  ...   -1.2743   3.0658  -0.0106
           ...               ⋱              ...            
 -0.9907  -1.2870   0.7067  ...    0.9150  -1.7693  -1.2790
 -0.8675  -0.8623   0.3993  ...    0.7897  -1.4386  -0.8759
  4.5119 -15.2069   9.8688  ...    3.6988   1.4905 -21.5354
[torch.FloatTensor of size 100x10]
, Variable containing:
 3.1206e+00  2.4261e-01  3.6881e-01  ...  -1.2685e+00  3.2174e+00 -3.6323e-01
-5.6166e-01 -8.7569e-02 -1.1633e-02  ...   5.1934e-01 -8.6309e-01 -1.7245e-01
-4.4965e-02  8.3879e-01 -3.9831e-01  ...   1.0400e-01 -8.2177e-02  6.5981e-01
                ...                   ⋱                   ...                
-7.7785e-01 -5.6278e-01  2.1790e-01  ...   6.9966e-01 -1.2259e+00 -5.9576e-01
 2.9190e+00  4.9436e-01  1.9411e-01  ...  -1.2743e+00  3.0561e+00  1.0066e-02
-7.9495e-01 -6.1861e-01  2.4865e-01  ...   7.1690e-01 -1.2640e+00 -6.4794e-01
[torch.FloatTensor of size 100x10]
, Variable containing:
-8.1968e-01 -7.0061e-01  2.9536e-01  ...   7.4154e-01 -1.3200e+00 -7.2501e-01
 1.0150e-01 -3.0560e+00  2.0672e+00  ...   9.9357e-01 -8.2165e-01 -4.0778e+00
-8.6630e-01 -8.5849e-01  3.9676e-01  ...   7.8847e-01 -1.4358e+00 -8.7226e-01
                ...                   ⋱                   ...                
-8.5524e-01 -8.2066e-01  3.7172e-01  ...   7.7695e-01 -1.4073e+00 -8.3677e-01
 2.1324e+00  1.3327e+00 -3.4025e-01  ...  -1.1998e+00  2.4075e+00  1.0716e+00
 2.2696e+00  1.2253e+00 -2.7594e-01  ...  -1.2300e+00  2.5219e+00  9.5639e-01
[torch.FloatTensor of size 100x10]
, Variable containing:
 2.9701e+00  4.2532e-01  2.4119e-01  ...  -1.2713e+00  3.0962e+00 -9.1242e-02
 1.7396e+00  1.5272e+00 -4.7858e-01  ...  -1.0668e+00  2.0433e+00  1.2885e+00
 1.1995e+00  1.6408e+00 -5.9342e-01  ...  -8.0760e-01  1.4640e+00  1.4430e+00
                ...                   ⋱                   ...                
 3.0969e+00  2.7790e-01  3.4531e-01  ...  -1.2710e+00  3.1993e+00 -3.1219e-01
-7.4430e-01 -4.6435e-01  1.6568e-01  ...   6.6781e-01 -1.1583e+00 -5.0490e-01
-1.0667e+00 -1.5527e+00  9.1181e-01  ...   9.9327e-01 -1.9773e+00 -1.5401e+00
[torch.FloatTensor of size 100x10]
, Variable containing:
  2.1214  -8.4444   5.4566  ...    2.2358   0.3862 -11.8890
  1.4788  -6.3598   4.1079  ...    1.7472   0.1421  -8.9219
  1.6804   1.5585  -0.5017  ...   -1.0436   1.9846   1.3234
           ...               ⋱              ...            
 -0.8689  -0.8673   0.4027  ...    0.7911  -1.4426  -0.8805
 -1.1927  -2.0019   1.2790  ...    1.1228  -2.3201  -2.0006
  2.8288   0.5991   0.1211  ...   -1.2735   2.9825   0.1652
[torch.FloatTensor of size 100x10]
, Variable containing:
  2.5570   0.9314  -0.0980  ...   -1.2669   2.7595   0.6137
  0.8044   1.5899  -0.6055  ...   -0.5629   1.0252   1.3802
  1.9709  -8.1120   5.2474  ...    2.1808   0.3018 -11.4236
           ...               ⋱              ...            
  1.9041   1.4619  -0.4254  ...   -1.1296   2.2034   1.2114
 -0.5131   0.0088  -0.0533  ...    0.4795  -0.7868  -0.0890
 -1.2392  -2.1705   1.4301  ...    1.1727  -2.4517  -2.1811
[torch.FloatTensor of size 100x10]
, Variable containing:
  1.5014   1.6115  -0.5513  ...   -0.9632   1.7935   1.3886
  0.9664   1.6313  -0.6108  ...   -0.6691   1.2102   1.4300
 -0.9209  -1.1370   0.9421  ...    0.6020  -1.7929  -1.3016
           ...               ⋱              ...            
  2.7781 -10.5530   6.8296  ...    2.7310   0.6428 -14.8980
 -0.8478  -0.7949   0.3548  ...    0.7692  -1.3880  -0.8128
  1.2013   1.6406  -0.5931  ...   -0.8086   1.4658   1.4427
[torch.FloatTensor of size 100x10]
, Variable containing:
-6.6059e-01 -2.8857e-01  7.8453e-02  ...   5.9956e-01 -1.0189e+00 -3.4757e-01
 5.7154e-01  1.4711e+00 -5.8638e-01  ...  -3.8425e-01  7.4445e-01  1.2584e+00
-1.1590e+00 -1.8770e+00  1.1690e+00  ...   1.0894e+00 -2.2317e+00 -1.8656e+00
                ...                   ⋱                   ...                
-5.3120e-01 -2.7149e-02 -3.7767e-02  ...   4.9431e-01 -8.1528e-01 -1.2014e-01
-8.8656e-01 -9.2933e-01  4.4450e-01  ...   8.0959e-01 -1.4898e+00 -9.3720e-01
-9.5307e-02  7.5945e-01 -3.6761e-01  ...   1.4424e-01 -1.5424e-01  5.8704e-01
[torch.FloatTensor of size 100x10]
, Variable containing:
-8.6027e-01 -8.3784e-01  3.8297e-01  ...   7.8219e-01 -1.4201e+00 -8.5292e-01
 2.4146e+00  1.0884e+00 -1.9497e-01  ...  -1.2516e+00  2.6407e+00  8.0236e-01
 9.0420e-01  1.6170e+00 -6.0913e-01  ...  -6.2927e-01  1.1398e+00  1.4127e+00
                ...                   ⋱                   ...                
-7.7419e-01 -5.5124e-01  2.1140e-01  ...   6.9617e-01 -1.2180e+00 -5.8515e-01
-3.9686e-01  2.3421e-01 -1.5076e-01  ...   3.8446e-01 -6.0520e-01  1.0929e-01
 5.8377e-01 -4.3503e+00  2.8785e+00  ...   1.3060e+00 -5.1375e-01 -5.9665e+00
[torch.FloatTensor of size 100x10]
, Variable containing:
 -0.8634  -0.8487   0.3902  ...    0.7855  -1.4283  -0.8631
  0.1862   1.1232  -0.4989  ...   -0.0732   0.2392   0.9260
 -0.2763   0.4569  -0.2451  ...    0.2869  -0.4196   0.3088
           ...               ⋱              ...            
 -0.6298  -0.2257   0.0491  ...    0.5748  -0.9696  -0.2923
  3.7674 -13.4399   8.7107  ...    3.3688   1.0834 -19.0140
 -0.0121   0.8847  -0.4157  ...    0.0787  -0.0358   0.7022
[torch.FloatTensor of size 100x10]
, Variable containing:
 3.5884 -0.3549  0.7778  ...  -1.2512  3.5900 -1.2565
-0.7589 -0.5006  0.1850  ...   0.6806 -1.1855 -0.5384
 1.8841  1.4713 -0.4324  ...  -1.1222  2.1840  1.2218
          ...             ⋱             ...          
-1.1963 -1.9519  1.2851  ...   1.0842 -2.3268 -1.9628
-0.8873 -0.9318  0.4462  ...   0.8103 -1.4917 -0.9394
-1.1010 -1.6713  1.0047  ...   1.0290 -2.0711 -1.6590
[torch.FloatTensor of size 100x10]
, Variable containing:
 -0.6868  -0.3432   0.1051  ...    0.6206  -1.0619  -0.3959
 -0.6888  -0.3475   0.1071  ...    0.6222  -1.0651  -0.3997
 -0.7841  -0.5841   0.2291  ...    0.7063  -1.2398  -0.6156
           ...               ⋱              ...            
 -0.8156  -0.6873   0.2875  ...    0.7376  -1.3106  -0.7125
 -0.9973  -1.3100   0.7243  ...    0.9219  -1.7876  -1.3016
 -0.8355  -0.7520   0.3276  ...    0.7565  -1.3576  -0.7731
[torch.FloatTensor of size 100x10]
, Variable containing:
-1.1243 -1.7538  1.0706  ...   1.0531 -2.1357 -1.7417
-0.0294  0.8627 -0.4075  ...   0.0915 -0.0598  0.6818
 2.7746  0.6659  0.0759  ...  -1.2735  2.9388  0.2613
          ...             ⋱             ...          
-0.8051 -0.6529  0.2675  ...   0.7274 -1.2869 -0.6801
 3.4819 -0.2177  0.6849  ...  -1.2553  3.5051 -1.0521
 1.5308  1.6039 -0.5439  ...  -0.9769  1.8250  1.3787
[torch.FloatTensor of size 100x10]
, Variable containing:
 -0.8576  -0.8288   0.3769  ...    0.7794  -1.4132  -0.8444
 -0.9907  -1.2872   0.7068  ...    0.9153  -1.7695  -1.2795
 -1.1589  -1.7540   1.2181  ...    0.9661  -2.2994  -1.7835
           ...               ⋱              ...            
 -0.2929   0.4266  -0.2327  ...    0.3003  -0.4449   0.2815
 -0.6858  -0.3410   0.1040  ...    0.6198  -1.0602  -0.3940
  3.3860  -0.0940   0.6010  ...   -1.2590   3.4286  -0.8676
[torch.FloatTensor of size 100x10]
, Variable containing:
 1.5350e-01  1.0883e+00 -4.8980e-01  ...  -4.7539e-02  1.9710e-01  8.9355e-01
 6.8960e-01  1.5454e+00 -6.0000e-01  ...  -4.7827e-01  8.8989e-01  1.3316e+00
 7.0019e-01  1.5504e+00 -6.0079e-01  ...  -4.8624e-01  9.0250e-01  1.3367e+00
                ...                   ⋱                   ...                
-1.0625e+00 -1.5370e+00  8.9938e-01  ...   9.8897e-01 -1.9654e+00 -1.5246e+00
 1.3296e+00  1.6283e+00 -5.7583e-01  ...  -8.7900e-01  1.6050e+00  1.4230e+00
-8.4009e-01 -7.6801e-01  3.3740e-01  ...   7.6120e-01 -1.3685e+00 -7.8789e-01
[torch.FloatTensor of size 100x10]
, Variable containing:
-9.7558e-01 -1.2354e+00  6.6726e-01  ...   8.9950e-01 -1.7282e+00 -1.2284e+00
-7.9929e-01 -6.3326e-01  2.5653e-01  ...   7.2145e-01 -1.2737e+00 -6.6173e-01
-7.3326e-01 -4.4100e-01  1.5397e-01  ...   6.5833e-01 -1.1397e+00 -4.8343e-01
                ...                   ⋱                   ...                
-1.0695e+00 -1.5621e+00  9.1894e-01  ...   9.9643e-01 -1.9848e+00 -1.5497e+00
 2.1597e+00  1.3126e+00 -3.2819e-01  ...  -1.2065e+00  2.4307e+00  1.0505e+00
 9.8328e-01  1.6349e+00 -6.1107e-01  ...  -6.7964e-01  1.2292e+00  1.4346e+00
[torch.FloatTensor of size 100x10]
, Variable containing:
 -0.8434  -0.7793   0.3448  ...    0.7645  -1.3768  -0.7983
  1.2955   1.6358  -0.5824  ...   -0.8616   1.5686   1.4341
  0.4236   1.3559  -0.5568  ...   -0.2649   0.5525   1.1463
           ...               ⋱              ...            
 -0.2230   0.5490  -0.2835  ...    0.2449  -0.3400   0.3931
 -0.1175   0.7235  -0.3537  ...    0.1620  -0.1864   0.5542
 -0.2587   0.4878  -0.2581  ...    0.2730  -0.3930   0.3369
[torch.FloatTensor of size 100x10]
, Variable containing:
 1.4134e+00  1.6260e+00 -5.6638e-01  ...  -9.2127e-01  1.6982e+00  1.4125e+00
 3.3185e+00 -7.6293e-03  5.4146e-01  ...  -1.2618e+00  3.3752e+00 -7.3794e-01
 7.2290e-01  1.5625e+00 -6.0292e-01  ...  -5.0352e-01  9.2987e-01  1.3486e+00
                ...                   ⋱                   ...                
-8.2558e-01 -7.1934e-01  3.0734e-01  ...   7.4697e-01 -1.3343e+00 -7.4262e-01
 9.7398e-01  1.6313e+00 -6.1041e-01  ...  -6.7359e-01  1.2185e+00  1.4308e+00
-9.7779e-01 -1.2009e+00  9.8197e-01  ...   6.4759e-01 -1.9056e+00 -1.3545e+00
[torch.FloatTensor of size 100x10]
, Variable containing:
  0.9052   1.6154  -0.6086  ...   -0.6298   1.1405   1.4114
  0.4708   1.3978  -0.5681  ...   -0.3032   0.6151   1.1859
  0.5215   1.4389  -0.5788  ...   -0.3439   0.6814   1.2258
           ...               ⋱              ...            
 -0.8460  -0.7883   0.3506  ...    0.7672  -1.3834  -0.8067
 -0.5372  -0.0390  -0.0326  ...    0.4993  -0.8248  -0.1304
  1.8227   1.5031  -0.4557  ...   -1.1000   2.1254   1.2578
[torch.FloatTensor of size 100x10]
, Variable containing:
 -0.6992  -0.3692   0.1182  ...    0.6306  -1.0827  -0.4190
 -0.8779  -0.8987   0.4238  ...    0.8005  -1.4665  -0.9094
 -0.7054  -0.3825   0.1246  ...    0.6356  -1.0929  -0.4307
           ...               ⋱              ...            
 -1.1085  -1.6976   1.0256  ...    1.0369  -2.0917  -1.6855
  2.0846   1.3597  -0.3574  ...   -1.1858   2.3655   1.1003
 -0.4183  -1.8070   1.3133  ...    0.7030  -1.2302  -2.2517
[torch.FloatTensor of size 100x10]
, Variable containing:
 -1.0489  -1.4900   0.8629  ...    0.9753  -1.9289  -1.4783
  0.1074  -2.9840   2.0148  ...    0.9701  -0.7944  -3.9800
  0.9735  -4.8680   3.1603  ...    1.3925  -0.1247  -6.7725
           ...               ⋱              ...            
 -0.8662  -0.8581   0.3966  ...    0.7884  -1.4356  -0.8719
  3.2148   0.1219   0.4517  ...   -1.2651   3.2926  -0.5428
  1.7354   1.5393  -0.4850  ...   -1.0666   2.0407   1.3006
[torch.FloatTensor of size 100x10]
, Variable containing:
  0.2373  -3.2850   2.1999  ...    1.0390  -0.6989  -4.4234
  1.0912   1.6395  -0.6030  ...   -0.7449   1.3462   1.4443
  2.6807   0.7754   0.0023  ...   -1.2714   2.8622   0.4137
           ...               ⋱              ...            
 -0.3743   0.2769  -0.1691  ...    0.3660  -0.5701   0.1472
  0.3614   1.2974  -0.5420  ...   -0.2132   0.4688   1.0913
 -0.4526   0.1271  -0.1048  ...    0.4301  -0.6920   0.0145
[torch.FloatTensor of size 100x10]
, Variable containing:
  1.6770   1.5573  -0.5013  ...   -1.0424   1.9810   1.3225
 -1.1396  -1.8069   1.1128  ...    1.0687  -2.1770  -1.7953
 -0.6258  -0.2173   0.0453  ...    0.5716  -0.9632  -0.2850
           ...               ⋱              ...            
  0.4241   1.3564  -0.5571  ...   -0.2651   0.5532   1.1467
 -0.8491  -0.7993   0.3578  ...    0.7705  -1.3915  -0.8169
 -0.7856  -0.5888   0.2319  ...    0.7077  -1.2432  -0.6200
[torch.FloatTensor of size 100x10]
, Variable containing:
 -1.2010  -2.0319   1.3117  ...    1.1319  -2.3416  -2.0385
  0.5554   1.4645  -0.5852  ...   -0.3711   0.7252   1.2510
 -1.0689  -1.5598   0.9172  ...    0.9955  -1.9831  -1.5472
           ...               ⋱              ...            
  3.0391   0.3439   0.2985  ...   -1.2707   3.1521  -0.2130
  1.9441   1.4463  -0.4131  ...   -1.1445   2.2419   1.1936
 -0.8798  -0.9053   0.4284  ...    0.8025  -1.4717  -0.9155
[torch.FloatTensor of size 100x10]
, Variable containing:
-9.8649e-01 -1.2725e+00  6.9561e-01  ...   9.1079e-01 -1.7578e+00 -1.2650e+00
-8.5945e-01 -8.3498e-01  3.8115e-01  ...   7.8133e-01 -1.4181e+00 -8.5024e-01
-4.4779e-01  1.3618e-01 -1.0887e-01  ...   4.2620e-01 -6.8453e-01  2.2587e-02
                ...                   ⋱                   ...                
-2.1720e-01  5.5876e-01 -2.8751e-01  ...   2.4043e-01 -3.3158e-01  4.0201e-01
-5.6920e-01 -1.0267e-01 -5.1311e-03  ...   5.2541e-01 -8.7484e-01 -1.8545e-01
-2.2036e-01  5.5336e-01 -2.8526e-01  ...   2.4290e-01 -3.3624e-01  3.9705e-01
[torch.FloatTensor of size 100x10]
, Variable containing:
-7.7730e-01 -5.6152e-01  2.1692e-01  ...   6.9932e-01 -1.2249e+00 -5.9465e-01
-7.1987e-01 -4.1278e-01  1.3972e-01  ...   6.4725e-01 -1.1170e+00 -4.5770e-01
 1.2039e+00  1.6361e+00 -5.9095e-01  ...  -8.1001e-01  1.4675e+00  1.4384e+00
                ...                   ⋱                   ...                
-1.0766e+00 -1.5873e+00  9.3861e-01  ...   1.0037e+00 -2.0044e+00 -1.5747e+00
-1.1311e+00 -1.7773e+00  1.0895e+00  ...   1.0598e+00 -2.1538e+00 -1.7655e+00
-1.1947e+00 -1.9076e+00  1.2746e+00  ...   1.0577e+00 -2.3323e+00 -1.9214e+00
[torch.FloatTensor of size 100x10]
, Variable containing:
-0.7078 -0.3873  0.1271  ...   0.6375 -1.0969 -0.4351
 1.5180  1.6079 -0.5474  ...  -0.9712  1.8114  1.3837
-0.5315 -0.0276 -0.0376  ...   0.4945 -0.8156 -0.1205
          ...             ⋱             ...          
-1.0815 -1.6039  0.9516  ...   1.0086 -2.0174 -1.5913
-0.4646  0.1039 -0.0947  ...   0.4399 -0.7108 -0.0059
 3.2230  0.1195  0.4547  ...  -1.2673  3.3005 -0.5482
[torch.FloatTensor of size 100x10]
, Variable containing:
 7.3107e-01  1.5652e+00 -6.0300e-01  ...  -5.0982e-01  9.3923e-01  1.3516e+00
-7.9146e-01 -6.0759e-01  2.4230e-01  ...   7.1349e-01 -1.2562e+00 -6.3759e-01
 3.1655e+00  1.8747e-01  4.0709e-01  ...  -1.2676e+00  3.2536e+00 -4.4548e-01
                ...                   ⋱                   ...                
 1.4538e+00  1.6171e+00 -5.5836e-01  ...  -9.4083e-01  1.7421e+00  1.3993e+00
-8.9142e-01 -9.4654e-01  4.5624e-01  ...   8.1468e-01 -1.5028e+00 -9.5283e-01
-9.5998e-01 -1.1814e+00  6.2618e-01  ...   8.8365e-01 -1.6853e+00 -1.1757e+00
[torch.FloatTensor of size 100x10]
, Variable containing:
-6.7703e-01 -3.2244e-01  9.4808e-02  ...   6.1266e-01 -1.0457e+00 -3.7755e-01
 3.2460e+00  8.4728e-02  4.7780e-01  ...  -1.2646e+00  3.3177e+00 -5.9925e-01
-1.2383e+00 -2.1645e+00  1.4266e+00  ...   1.1703e+00 -2.4480e+00 -2.1763e+00
                ...                   ⋱                   ...                
-6.5017e-01 -2.6730e-01  6.8312e-02  ...   5.9123e-01 -1.0020e+00 -3.2877e-01
-8.6630e-01 -8.5853e-01  3.9680e-01  ...   7.8848e-01 -1.4358e+00 -8.7229e-01
 3.0288e-01  1.2398e+00 -5.2827e-01  ...  -1.6559e-01  3.9051e-01  1.0372e+00
[torch.FloatTensor of size 100x10]
, Variable containing:
-7.3272e-01 -4.3986e-01  1.5347e-01  ...   6.5784e-01 -1.1388e+00 -4.8240e-01
-3.1361e-01 -1.9308e+00  1.3704e+00  ...   7.2705e-01 -1.1062e+00 -2.4484e+00
 1.0331e+00  1.6343e+00 -6.0627e-01  ...  -7.1035e-01  1.2822e+00  1.4378e+00
                ...                   ⋱                   ...                
-3.6453e-02  8.5194e-01 -4.0337e-01  ...   9.7136e-02 -6.9916e-02  6.7193e-01
 2.2188e+00  1.2680e+00 -3.0114e-01  ...  -1.2205e+00  2.4812e+00  1.0031e+00
 2.5630e+00  9.0235e-01 -8.2767e-02  ...  -1.2617e+00  2.7617e+00  5.8087e-01
[torch.FloatTensor of size 100x10]
, Variable containing:
-0.7123 -0.3969  0.1319  ...   0.6412 -1.1045 -0.4436
-0.9985 -1.3144  0.7276  ...   0.9230 -1.7909 -1.3056
-0.9869 -1.2745  0.6972  ...   0.9113 -1.7594 -1.2668
          ...             ⋱             ...          
 0.4414  1.3717 -0.5611  ...  -0.2795  0.5763  1.1613
 1.7984  1.5101 -0.4624  ...  -1.0903  2.1014  1.2667
-0.8062 -0.6565  0.2696  ...   0.7285 -1.2895 -0.6835
[torch.FloatTensor of size 100x10]
, Variable containing:
 6.9176e-02  9.8896e-01 -4.5431e-01  ...   1.6978e-02  7.9711e-02  7.9905e-01
 2.8185e+00  6.1465e-01  1.1101e-01  ...  -1.2744e+00  2.9746e+00  1.8704e-01
 4.2297e-01  1.3555e+00 -5.5687e-01  ...  -2.6409e-01  5.5177e-01  1.1459e+00
                ...                   ⋱                   ...                
-1.1569e+00 -1.8688e+00  1.1624e+00  ...   1.0872e+00 -2.2252e+00 -1.8577e+00
-5.9075e-01 -1.4607e-01  1.3904e-02  ...   5.4313e-01 -9.0853e-01 -2.2326e-01
-9.1144e-01 -1.0165e+00  5.0450e-01  ...   8.3559e-01 -1.5560e+00 -1.0175e+00
[torch.FloatTensor of size 100x10]
, Variable containing:
 4.2603e-01  1.3583e+00 -5.5748e-01  ...  -2.6676e-01  5.5590e-01  1.1485e+00
-3.3019e-01  3.5904e-01 -2.0403e-01  ...   3.3021e-01 -5.0196e-01  2.2059e-01
 3.4954e+00 -2.3465e-01  6.9650e-01  ...  -1.2549e+00  3.5160e+00 -1.0775e+00
                ...                   ⋱                   ...                
 3.2464e+00  8.6736e-02  4.7678e-01  ...  -1.2654e+00  3.3186e+00 -5.9670e-01
-9.6886e-01 -1.2119e+00  6.4932e-01  ...   8.9248e-01 -1.7094e+00 -1.2054e+00
-1.9459e-01  5.9701e-01 -3.0332e-01  ...   2.2270e-01 -2.9853e-01  4.3728e-01
[torch.FloatTensor of size 100x10]
, Variable containing:
-2.1097e-01  5.6931e-01 -2.9187e-01  ...   2.3555e-01 -3.2244e-01  4.1172e-01
 1.8196e+00  1.5032e+00 -4.5617e-01  ...  -1.0987e+00  2.1222e+00  1.2582e+00
 5.3598e+00 -1.7980e+01  1.1678e+01  ...   4.3564e+00  1.8133e+00 -2.5497e+01
                ...                   ⋱                   ...                
-6.7888e-01 -3.2641e-01  9.6676e-02  ...   6.1415e-01 -1.0487e+00 -3.8104e-01
-2.6012e-01  4.8500e-01 -2.5693e-01  ...   2.7419e-01 -3.9534e-01  3.3435e-01
-1.0849e+00 -1.6159e+00  9.6102e-01  ...   1.0123e+00 -2.0269e+00 -1.6034e+00
[torch.FloatTensor of size 100x10]
, Variable containing:
 1.0196e+00  1.6374e+00 -6.0891e-01  ...  -7.0231e-01  1.2686e+00  1.4398e+00
-7.8127e-01 -5.7464e-01  2.2397e-01  ...   7.0337e-01 -1.2335e+00 -6.0684e-01
 1.4042e+00 -6.0766e+00  3.9225e+00  ...   1.6745e+00  1.2081e-01 -8.5161e+00
                ...                   ⋱                   ...                
 5.2622e-01  1.4421e+00 -5.7941e-01  ...  -3.4784e-01  6.8731e-01  1.2290e+00
 5.7803e-01  1.4802e+00 -5.8898e-01  ...  -3.8929e-01  7.5384e-01  1.2667e+00
-7.7608e-01 -5.5733e-01  2.1475e-01  ...   6.9802e-01 -1.2221e+00 -5.9075e-01
[torch.FloatTensor of size 100x10]
, Variable containing:
-5.9942e-01 -1.6364e-01  2.1661e-02  ...   5.5011e-01 -9.2202e-01 -2.3854e-01
 2.5970e+00  8.8686e-01 -6.9155e-02  ...  -1.2705e+00  2.7937e+00  5.5709e-01
-1.0399e+00 -1.3369e+00  1.0228e+00  ...   7.5290e-01 -2.0389e+00 -1.4504e+00
                ...                   ⋱                   ...                
-2.7243e-01  4.6344e-01 -2.4793e-01  ...   2.8393e-01 -4.1387e-01  3.1470e-01
-5.3165e-03  8.9401e-01 -4.1918e-01  ...   7.3486e-02 -2.6037e-02  7.1075e-01
-4.1257e-01 -1.5102e+00  1.0981e+00  ...   6.1348e-01 -1.1360e+00 -1.8610e+00
[torch.FloatTensor of size 100x10]
, Variable containing:
 -0.7583  -0.4987   0.1839  ...    0.6801  -1.1841  -0.5367
  0.1089   1.0363  -0.4721  ...   -0.0132   0.1358   0.8443
 -0.2218   0.5509  -0.2842  ...    0.2440  -0.3383   0.3948
           ...               ⋱              ...            
  0.0711   0.9910  -0.4550  ...    0.0155   0.0823   0.8010
  2.2603   1.2268  -0.2778  ...   -1.2269   2.5134   0.9589
  2.8760   0.5385   0.1620  ...   -1.2725   3.0204   0.0773
[torch.FloatTensor of size 100x10]
, Variable containing:
 -1.1525  -1.8503   1.1706  ...    1.0738  -2.2013  -1.8572
  1.2362   1.6391  -0.5891  ...   -0.8288   1.5035   1.4403
 -1.1930  -2.0041   1.2859  ...    1.1234  -2.3198  -2.0077
           ...               ⋱              ...            
 -1.1499  -1.6844   1.2101  ...    0.9149  -2.2871  -1.7372
  0.6693   1.5346  -0.5981  ...   -0.4629   0.8657   1.3207
  0.3679   1.3036  -0.5434  ...   -0.2188   0.4775   1.0971
[torch.FloatTensor of size 100x10]
, Variable containing:
 5.4698e-01  1.4572e+00 -5.8330e-01  ...  -3.6434e-01  7.1408e-01  1.2439e+00
-7.1718e-01 -4.0707e-01  1.3691e-01  ...   6.4505e-01 -1.1125e+00 -4.5264e-01
 1.0946e+00  1.6439e+00 -6.0463e-01  ...  -7.4718e-01  1.3512e+00  1.4483e+00
                ...                   ⋱                   ...                
-9.0333e-01 -9.8863e-01  4.8512e-01  ...   8.2719e-01 -1.5346e+00 -9.9151e-01
-5.7526e-01 -1.1485e-01  2.0850e-04  ...   5.3045e-01 -8.8445e-01 -1.9606e-01
 2.3598e-01  1.1741e+00 -5.1235e-01  ...  -1.1194e-01  3.0361e-01  9.7434e-01
[torch.FloatTensor of size 100x10]
, Variable containing:
  1.1534   1.6448  -0.5995  ...   -0.7813   1.4153   1.4483
  1.4780   1.6144  -0.5550  ...   -0.9524   1.7683   1.3940
 -0.3596   0.3045  -0.1808  ...    0.3541  -0.5474   0.1718
           ...               ⋱              ...            
 -0.8322  -0.7415   0.3205  ...    0.7535  -1.3493  -0.7632
 -0.3457  -1.9803   1.4161  ...    0.7459  -1.1696  -2.5043
  0.5113   1.4306  -0.5765  ...   -0.3358   0.6679   1.2178
[torch.FloatTensor of size 100x10]
, Variable containing:
 0.4698  1.3961 -0.5676  ...  -0.3025  0.6136  1.1845
-0.3454  0.3308 -0.1921  ...   0.3426 -0.5255  0.1953
-0.5297 -0.0241 -0.0391  ...   0.4931 -0.8129 -0.1175
          ...             ⋱             ...          
-0.8495 -0.8008  0.3588  ...   0.7709 -1.3926 -0.8183
 0.1832  1.1205 -0.4983  ...  -0.0709  0.2355  0.9234
-1.0886 -1.6290  0.9713  ...   1.0161 -2.0373 -1.6164
[torch.FloatTensor of size 100x10]
, Variable containing:
 1.2605e+00  1.6361e+00 -5.8569e-01  ...  -8.4273e-01  1.5297e+00  1.4364e+00
-9.3247e-01 -1.0887e+00  5.5694e-01  ...   8.5655e-01 -1.6121e+00 -1.0860e+00
-6.6103e-01 -1.2668e+00  1.0071e+00  ...   5.7423e-01 -1.4536e+00 -1.4983e+00
                ...                   ⋱                   ...                
-8.3939e-01 -7.6559e-01  3.3582e-01  ...   7.6049e-01 -1.3667e+00 -7.8566e-01
-4.1817e-01  1.9325e-01 -1.3325e-01  ...   4.0196e-01 -6.3838e-01  7.3042e-02
-5.8358e-01 -1.3169e-01  7.5350e-03  ...   5.3720e-01 -8.9730e-01 -2.1068e-01
[torch.FloatTensor of size 100x10]
, Variable containing:
-0.6152 -0.1956  0.0358  ...   0.5629 -0.9466 -0.2662
 0.3681  1.3044 -0.5438  ...  -0.2188  0.4779  1.0979
 1.0822  1.6411 -0.6046  ...  -0.7397  1.3369  1.4456
          ...             ⋱             ...          
-0.8478 -0.7948  0.3547  ...   0.7691 -1.3880 -0.8127
-0.8867 -0.9298  0.4449  ...   0.8097 -1.4902 -0.9377
 1.0377  1.6381 -0.6075  ...  -0.7132  1.2881  1.4414
[torch.FloatTensor of size 100x10]
, Variable containing:
  0.0166   0.9216  -0.4293  ...    0.0571   0.0045   0.7364
 -0.9977  -1.3109   0.7250  ...    0.9224  -1.7884  -1.3027
  1.1622   1.6439  -0.5984  ...   -0.7861   1.4246   1.4473
           ...               ⋱              ...            
 -1.1878  -1.9862   1.2624  ...    1.1191  -2.3109  -1.9806
 -0.8611  -1.0630   0.8832  ...    0.5673  -1.6784  -1.2294
 -0.9491  -1.1448   0.5986  ...    0.8728  -1.6563  -1.1399
[torch.FloatTensor of size 100x10]
, Variable containing:
  0.6401   1.5178  -0.5952  ...   -0.4395   0.8300   1.3039
 -0.9712  -1.2194   0.6551  ...    0.8950  -1.7156  -1.2131
 -1.0310  -1.4273   0.8143  ...    0.9568  -1.8800  -1.4165
           ...               ⋱              ...            
  0.3591   1.2952  -0.5414  ...   -0.2114   0.4658   1.0893
 -0.8699  -0.8708   0.4050  ...    0.7922  -1.4451  -0.8837
  4.5709 -15.5896  10.1165  ...    3.8147   1.4783 -22.0825
[torch.FloatTensor of size 100x10]
, Variable containing:
-4.7150e-01  9.0379e-02 -8.8790e-02  ...   4.4554e-01 -7.2157e-01 -1.7693e-02
 3.2125e+00  1.2656e-01  4.4879e-01  ...  -1.2657e+00  3.2911e+00 -5.3617e-01
 1.2346e+00  1.6435e+00 -5.9105e-01  ...  -8.2808e-01  1.5028e+00  1.4444e+00
                ...                   ⋱                   ...                
-9.2265e-01 -1.0549e+00  5.3211e-01  ...   8.4683e-01 -1.5856e+00 -1.0539e+00
-1.2104e+00 -2.0621e+00  1.3436e+00  ...   1.1383e+00 -2.3679e+00 -2.0731e+00
 5.2080e+00 -1.7429e+01  1.1319e+01  ...   4.2185e+00  1.7657e+00 -2.4710e+01
[torch.FloatTensor of size 100x10]
, Variable containing:
-9.8247e-01 -1.2586e+00  6.8502e-01  ...   9.0641e-01 -1.7466e+00 -1.2510e+00
 2.4400e-01  1.1816e+00 -5.1399e-01  ...  -1.1840e-01  3.1365e-01  9.8146e-01
 3.0902e-01  1.2451e+00 -5.2894e-01  ...  -1.7098e-01  3.9820e-01  1.0421e+00
                ...                   ⋱                   ...                
 3.1342e+00  2.2696e-01  3.7987e-01  ...  -1.2686e+00  3.2285e+00 -3.8670e-01
-2.3368e-02  8.7057e-01 -4.1047e-01  ...   8.7005e-02 -5.1409e-02  6.8897e-01
 4.3560e-01  1.3660e+00 -5.5939e-01  ...  -2.7486e-01  5.6840e-01  1.1559e+00
[torch.FloatTensor of size 100x10]
, Variable containing:
-1.0491 -1.4903  0.8630  ...   0.9754 -1.9292 -1.4784
-1.1040 -1.6823  1.0137  ...   1.0319 -2.0793 -1.6699
-1.1573 -1.8703  1.1637  ...   1.0878 -2.2262 -1.8595
          ...             ⋱             ...          
 0.0058  0.9081 -0.4244  ...   0.0652 -0.0106  0.7239
-0.4881  0.0577 -0.0747  ...   0.4591 -0.7476 -0.0462
-0.6181 -0.2016  0.0384  ...   0.5653 -0.9511 -0.2714
[torch.FloatTensor of size 100x10]
, Variable containing:
-4.9435e-01  4.5481e-02 -6.9289e-02  ...   4.6423e-01 -7.5744e-01 -5.6942e-02
-1.7503e-01  6.2955e-01 -3.1657e-01  ...   2.0738e-01 -2.6992e-01  4.6754e-01
 4.5578e+00 -1.5641e+01  1.0149e+01  ...   3.8394e+00  1.4559e+00 -2.2156e+01
                ...                   ⋱                   ...                
 2.1391e+00  1.3134e+00 -3.3104e-01  ...  -1.1989e+00  2.4107e+00  1.0533e+00
 2.4443e+00  1.0599e+00 -1.7733e-01  ...  -1.2559e+00  2.6657e+00  7.6853e-01
 3.2127e+00  1.2741e-01  4.4841e-01  ...  -1.2660e+00  3.2913e+00 -5.3518e-01
[torch.FloatTensor of size 100x10]
, Variable containing:
 2.2488e+00  1.2359e+00 -2.8322e-01  ...  -1.2246e+00  2.5040e+00  9.6880e-01
 1.8550e-01  1.1227e+00 -4.9882e-01  ...  -7.2631e-02  2.3843e-01  9.2550e-01
-1.1044e+00 -1.6835e+00  1.0145e+00  ...   1.0326e+00 -2.0805e+00 -1.6714e+00
                ...                   ⋱                   ...                
-7.5936e-01 -5.0263e-01  1.8581e-01  ...   6.8128e-01 -1.1865e+00 -5.4028e-01
-2.4510e-01  5.1091e-01 -2.6770e-01  ...   2.6237e-01 -3.7291e-01  3.5810e-01
-1.1574e+00 -1.8723e+00  1.1653e+00  ...   1.0875e+00 -2.2278e+00 -1.8606e+00
[torch.FloatTensor of size 100x10]
, Variable containing:
  0.1693   1.1059  -0.4944  ...   -0.0600   0.2176   0.9098
 -1.1757  -1.9378   1.2198  ...    1.1067  -2.2767  -1.9291
  2.8328   0.5978   0.1225  ...   -1.2746   2.9863   0.1625
           ...               ⋱              ...            
 -0.7711  -0.5405   0.2059  ...    0.6928  -1.2113  -0.5753
  2.7885   0.6527   0.0855  ...   -1.2746   2.9506   0.2415
 -0.1554   0.6619  -0.3297  ...    0.1921  -0.2413   0.4975
[torch.FloatTensor of size 100x10]
, Variable containing:
 -1.1856  -1.9748   1.2665  ...    1.1141  -2.2971  -1.9817
  0.8948   1.6160  -0.6094  ...   -0.6230   1.1296   1.4112
 -0.8357  -0.7530   0.3280  ...    0.7568  -1.3579  -0.7740
           ...               ⋱              ...            
 -0.1407   0.6859  -0.3391  ...    0.1803  -0.2199   0.5198
  2.4331  -9.5270   6.1621  ...    2.5014   0.4928 -13.4362
 -0.9297  -1.0791   0.5499  ...    0.8538  -1.6046  -1.0769
[torch.FloatTensor of size 100x10]
, Variable containing:
 3.4371e-01  1.2797e+00 -5.3753e-01  ...  -1.9867e-01  4.4499e-01  1.0749e+00
-8.8917e-01 -9.3852e-01  4.5080e-01  ...   8.1230e-01 -1.4968e+00 -9.4554e-01
-5.9856e-01 -1.6186e-01  2.0895e-02  ...   5.4946e-01 -9.2076e-01 -2.3701e-01
                ...                   ⋱                   ...                
-1.1890e+00 -1.9199e+00  1.2631e+00  ...   1.0714e+00 -2.3080e+00 -1.9307e+00
-1.2883e-01  7.0501e-01 -3.4648e-01  ...   1.7093e-01 -2.0275e-01  5.3748e-01
-5.1792e-01 -9.0690e-04 -4.9132e-02  ...   4.8346e-01 -7.9442e-01 -9.7377e-02
[torch.FloatTensor of size 100x10]
, Variable containing:
-8.9624e-01 -9.6354e-01  4.6793e-01  ...   8.1971e-01 -1.5157e+00 -9.6844e-01
-8.5333e-01 -8.1400e-01  3.6736e-01  ...   7.7493e-01 -1.4023e+00 -8.3056e-01
 2.9292e-02  9.3823e-01 -4.3544e-01  ...   4.7364e-02  2.2795e-02  7.5185e-01
                ...                   ⋱                   ...                
 5.1225e-01  1.4311e+00 -5.7653e-01  ...  -3.3663e-01  6.6912e-01  1.2183e+00
-1.1479e-01  7.2830e-01 -3.5558e-01  ...   1.5965e-01 -1.8217e-01  5.5871e-01
 3.4587e-01  1.2820e+00 -5.3811e-01  ...  -2.0047e-01  4.4791e-01  1.0770e+00
[torch.FloatTensor of size 100x10]
, Variable containing:
-7.0552e-01 -3.8259e-01  1.2473e-01  ...   6.3569e-01 -1.0931e+00 -4.3091e-01
 4.6489e-01  1.3914e+00 -5.6611e-01  ...  -2.9878e-01  6.0687e-01  1.1800e+00
-4.2176e-01  1.8622e-01 -1.3028e-01  ...   4.0490e-01 -6.4398e-01  6.6854e-02
                ...                   ⋱                   ...                
 1.9371e+00  1.4485e+00 -4.1507e-01  ...  -1.1417e+00  2.2351e+00  1.1962e+00
-7.6626e-02  7.8912e-01 -3.7902e-01  ...   1.2937e-01 -1.2754e-01  6.1400e-01
 4.0016e-01  1.3335e+00 -5.5067e-01  ...  -2.4570e-01  5.2093e-01  1.1251e+00
[torch.FloatTensor of size 100x10]
, Variable containing:
  1.1313   1.6401  -0.5997  ...   -0.7682   1.3899   1.4443
  0.4970   1.4188  -0.5736  ...   -0.3242   0.6493   1.2063
 -1.1422  -1.7086   1.1683  ...    0.9625  -2.2496  -1.7347
           ...               ⋱              ...            
  2.1281   1.3353  -0.3419  ...   -1.1984   2.4039   1.0743
  2.9976   0.3933   0.2638  ...   -1.2712   3.1186  -0.1392
 -0.1236   0.7138  -0.3499  ...    0.1667  -0.1950   0.5455
[torch.FloatTensor of size 100x10]
, Variable containing:
-1.0248 -1.4055  0.7975  ...   0.9504 -1.8630 -1.3952
-0.1067  0.7417 -0.3609  ...   0.1530 -0.1702  0.5712
-0.7715 -0.5421  0.2066  ...   0.6934 -1.2122 -0.5767
          ...             ⋱             ...          
-1.0640 -1.5419  0.9032  ...   0.9908 -1.9694 -1.5299
-0.3928  0.2418 -0.1541  ...   0.3811 -0.5988  0.1161
-0.1668  0.6429 -0.3220  ...   0.2010 -0.2580  0.4799
[torch.FloatTensor of size 100x10]
, Variable containing:
 3.6188e+00 -3.9374e-01  8.0418e-01  ...  -1.2501e+00  3.6143e+00 -1.3144e+00
-1.0413e+00 -1.4635e+00  8.4236e-01  ...   9.6719e-01 -1.9081e+00 -1.4517e+00
-3.6412e-01  2.9605e-01 -1.7720e-01  ...   3.5777e-01 -5.5447e-01  1.6421e-01
                ...                   ⋱                   ...                
 5.0187e-01  1.4236e+00 -5.7481e-01  ...  -3.2811e-01  6.5571e-01  1.2108e+00
 3.7084e-01  1.3060e+00 -5.4393e-01  ...  -2.2127e-01  4.8150e-01  1.0993e+00
-9.5429e-01 -1.1625e+00  6.1187e-01  ...   8.7810e-01 -1.6703e+00 -1.1572e+00
[torch.FloatTensor of size 100x10]
, Variable containing:
 -0.2766   0.4561  -0.2450  ...    0.2872  -0.4200   0.3081
 -0.2154   0.5620  -0.2889  ...    0.2390  -0.3288   0.4049
 -0.6396  -0.2458   0.0581  ...    0.5828  -0.9849  -0.3098
           ...               ⋱              ...            
  2.1512   1.3187  -0.3319  ...   -1.2042   2.4233   1.0568
  0.7836   1.5813  -0.6039  ...   -0.5482   1.0001   1.3707
 -0.9257  -1.0824   0.8843  ...    0.6115  -1.7869  -1.2318
[torch.FloatTensor of size 100x10]
, Variable containing:
 8.0022e-01  1.5916e+00 -6.0649e-01  ...  -5.6003e-01  1.0210e+00  1.3810e+00
-4.2662e-01  1.7705e-01 -1.2632e-01  ...   4.0886e-01 -6.5151e-01  5.8696e-02
-1.1459e+00 -1.8296e+00  1.1308e+00  ...   1.0758e+00 -2.1949e+00 -1.8182e+00
                ...                   ⋱                   ...                
 9.2211e-01  1.6220e+00 -6.1015e-01  ...  -6.4070e-01  1.1606e+00  1.4187e+00
-1.3105e-01  7.0164e-01 -3.4521e-01  ...   1.7261e-01 -2.0583e-01  5.3438e-01
-1.1280e+00 -1.7660e+00  1.0801e+00  ...   1.0574e+00 -2.1456e+00 -1.7544e+00
[torch.FloatTensor of size 100x10]
, Variable containing:
 -1.2101  -2.0650   1.3276  ...    1.1427  -2.3716  -2.0619
 -0.4971   0.0403  -0.0670  ...    0.4665  -0.7616  -0.0615
 -0.8677  -0.8633   0.4001  ...    0.7899  -1.4396  -0.8768
           ...               ⋱              ...            
  2.9528   0.4498   0.2246  ...   -1.2726   3.0828  -0.0555
 -1.0692  -1.5608   0.9180  ...    0.9956  -1.9836  -1.5480
 -0.7647  -0.5201   0.1950  ...    0.6866  -1.1978  -0.5564
[torch.FloatTensor of size 100x10]
, Variable containing:
-1.1477e+00 -1.8377e+00  1.1378e+00  ...   1.0774e+00 -2.1998e+00 -1.8265e+00
 6.7980e-02  9.8715e-01 -4.5357e-01  ...   1.7932e-02  7.7886e-02  7.9738e-01
-9.9852e-01 -1.3139e+00  7.2733e-01  ...   9.2319e-01 -1.7908e+00 -1.3056e+00
                ...                   ⋱                   ...                
-2.4936e-01  5.0341e-01 -2.6468e-01  ...   2.6583e-01 -3.7931e-01  3.5118e-01
-2.0799e-01  5.7455e-01 -2.9401e-01  ...   2.3311e-01 -3.1799e-01  4.1657e-01
-1.0105e+00 -1.3553e+00  7.5906e-01  ...   9.3552e-01 -1.8237e+00 -1.3461e+00
[torch.FloatTensor of size 100x10]
, Variable containing:
 -0.9667  -1.2043   0.6435  ...    0.8904  -1.7035  -1.1981
 -1.0755  -1.5824   0.9347  ...    1.0027  -2.0009  -1.5702
 -0.8710  -0.8747   0.4076  ...    0.7934  -1.4482  -0.8874
           ...               ⋱              ...            
 -0.1290   0.7048  -0.3464  ...    0.1712  -0.2031   0.5369
 -1.0550  -1.3760   1.0531  ...    0.7662  -2.0755  -1.4890
 -0.7904  -0.6042   0.2404  ...    0.7124  -1.2538  -0.6344
[torch.FloatTensor of size 100x10]
, Variable containing:
 6.8460e-01  1.5430e+00 -5.9976e-01  ...  -4.7438e-01  8.8402e-01  1.3292e+00
-7.6133e-01 -5.0912e-01  1.8916e-01  ...   6.8326e-01 -1.1906e+00 -5.4625e-01
 3.3494e+00 -4.5667e-02  5.6792e-01  ...  -1.2610e+00  3.4000e+00 -7.9538e-01
                ...                   ⋱                   ...                
-8.8089e-01 -9.0919e-01  4.3096e-01  ...   8.0364e-01 -1.4746e+00 -9.1895e-01
-5.4268e-01 -4.9807e-02 -2.7944e-02  ...   5.0372e-01 -8.3327e-01 -1.3979e-01
-9.3545e-01 -1.0986e+00  5.6421e-01  ...   8.5947e-01 -1.6199e+00 -1.0956e+00
[torch.FloatTensor of size 100x10]
, Variable containing:
 -1.1396  -1.6615   1.1870  ...    0.9109  -2.2616  -1.7112
 -0.6204  -0.2063   0.0405  ...    0.5673  -0.9549  -0.2755
  0.8479   1.6037  -0.6074  ...   -0.5927   1.0753   1.3965
           ...               ⋱              ...            
 -0.5510  -0.0662  -0.0208  ...    0.5106  -0.8463  -0.1540
 -0.8261  -0.7213   0.3079  ...    0.7476  -1.3348  -0.7444
 -1.1964  -2.0167   1.2892  ...    1.1275  -2.3329  -2.0135
[torch.FloatTensor of size 100x10]
, Variable containing:
-8.5511e-01 -8.2003e-01  3.7146e-01  ...   7.7677e-01 -1.4070e+00 -8.3621e-01
-9.6642e-01 -1.2038e+00  6.4317e-01  ...   8.9017e-01 -1.7031e+00 -1.1976e+00
-9.3414e-02  7.6285e-01 -3.6896e-01  ...   1.4259e-01 -1.5125e-01  5.9029e-01
                ...                   ⋱                   ...                
 2.4055e+00  1.0933e+00 -1.9857e-01  ...  -1.2492e+00  2.6326e+00  8.0914e-01
 2.4611e+00 -9.4481e+00  6.1098e+00  ...   2.4599e+00  5.3478e-01 -1.3320e+01
-7.9747e-01 -6.2736e-01  2.5323e-01  ...   7.1962e-01 -1.2697e+00 -6.5616e-01
[torch.FloatTensor of size 100x10]
, Variable containing:
 -0.9378  -1.1068   0.5704  ...    0.8617  -1.6264  -1.1033
  0.6257   1.5105  -0.5944  ...   -0.4279   0.8128   1.2965
  1.2669   1.6396  -0.5866  ...   -0.8464   1.5376   1.4395
           ...               ⋱              ...            
 -0.7717  -0.5430   0.2070  ...    0.6937  -1.2125  -0.5776
 -0.9059  -0.9976   0.4913  ...    0.8299  -1.5415  -0.9998
  0.4418   1.3720  -0.5612  ...   -0.2797   0.5769   1.1615
[torch.FloatTensor of size 100x10]
, Variable containing:
  3.5374  -0.2885   0.7330  ...   -1.2534   3.5495  -1.1577
 -0.6092  -0.1835   0.0305  ...    0.5581  -0.9374  -0.2558
 -0.8060  -0.6557   0.2691  ...    0.7283  -1.2888  -0.6828
           ...               ⋱              ...            
 -0.0836   0.7781  -0.3748  ...    0.1349  -0.1374   0.6041
 -0.3313   0.3570  -0.2031  ...    0.3311  -0.5037   0.2188
 -0.4462  -1.5273   1.1211  ...    0.6236  -1.1925  -1.8766
[torch.FloatTensor of size 100x10]
, Variable containing:
 -0.6277  -1.3697   1.0715  ...    0.5991  -1.4308  -1.6375
 -0.1012   0.7502  -0.3641  ...    0.1488  -0.1625   0.5789
  1.2619  -5.7038   3.6889  ...    1.5987   0.0444  -7.9902
           ...               ⋱              ...            
 -0.3861   0.2549  -0.1596  ...    0.3757  -0.5884   0.1276
  0.1111   1.0397  -0.4735  ...   -0.0149   0.1393   0.8475
  2.8949   0.5147   0.1784  ...   -1.2720   3.0352   0.0422
[torch.FloatTensor of size 100x10]
, Variable containing:
 3.2581e+00  7.1317e-02  4.8736e-01  ...  -1.2648e+00  3.3276e+00 -6.1982e-01
-4.1601e-02  8.4385e-01 -4.0026e-01  ...   1.0134e-01 -7.7445e-02  6.6441e-01
-1.2226e+00 -2.1046e+00  1.3796e+00  ...   1.1508e+00 -2.4021e+00 -2.1166e+00
                ...                   ⋱                   ...                
 2.9999e+00  3.8880e-01  2.6663e-01  ...  -1.2706e+00  3.1201e+00 -1.4548e-01
-9.2619e-01 -1.0672e+00  5.4107e-01  ...   8.5041e-01 -1.5953e+00 -1.0656e+00
-9.3834e-02  7.6201e-01 -3.6863e-01  ...   1.4302e-01 -1.5203e-01  5.8929e-01
[torch.FloatTensor of size 100x10]
, Variable containing:
 -0.1034   0.7467  -0.3627  ...    0.1506  -0.1658   0.5754
  2.0307   1.4035  -0.3830  ...   -1.1727   2.3209   1.1455
 -0.8537  -0.8153   0.3682  ...    0.7753  -1.4033  -0.8318
           ...               ⋱              ...            
  1.2217   1.6412  -0.5914  ...   -0.8204   1.4882   1.4425
 -0.8652  -0.8548   0.3943  ...    0.7873  -1.4330  -0.8688
  0.8359   1.5992  -0.6067  ...   -0.5845   1.0613   1.3917
[torch.FloatTensor of size 100x10]
, Variable containing:
  3.3957  -0.1042   0.6084  ...   -1.2593   3.4367  -0.8834
 -0.7648  -0.5207   0.1952  ...    0.6868  -1.1980  -0.5569
 -1.1281  -1.7670   1.0810  ...    1.0578  -2.1458  -1.7558
           ...               ⋱              ...            
 -1.1028  -1.6781   1.0102  ...    1.0308  -2.0762  -1.6657
  0.8621   1.6079  -0.6081  ...   -0.6020   1.0920   1.4014
  0.0076   0.9104  -0.4252  ...    0.0638  -0.0080   0.7261
[torch.FloatTensor of size 100x10]
, Variable containing:
 -1.0299  -1.4227   0.8107  ...    0.9555  -1.8764  -1.4119
 -0.8157  -0.6878   0.2878  ...    0.7377  -1.3110  -0.7130
 -0.5313  -0.0273  -0.0377  ...    0.4944  -0.8155  -0.1203
           ...               ⋱              ...            
 -0.4997   0.0350  -0.0647  ...    0.4686  -0.7658  -0.0661
 -0.9187  -1.0416   0.5225  ...    0.8429  -1.5753  -1.0412
 -0.9076  -1.0032   0.4951  ...    0.8316  -1.5457  -1.0050
[torch.FloatTensor of size 100x10]
, Variable containing:
 -0.3303  -1.7254   1.2273  ...    0.6678  -1.0725  -2.1705
 -0.8127  -0.6775   0.2822  ...    0.7347  -1.3045  -0.7033
 -0.5959  -0.1564   0.0185  ...    0.5473  -0.9166  -0.2323
           ...               ⋱              ...            
 -0.9224  -1.0539   0.5314  ...    0.8466  -1.5849  -1.0529
 -0.9460  -1.1345   0.5909  ...    0.8698  -1.6482  -1.1299
  2.0923   1.3594  -0.3565  ...   -1.1886   2.3729   1.0992
[torch.FloatTensor of size 100x10]
, Variable containing:
  0.1933   1.1308  -0.5010  ...   -0.0786   0.2485   0.9332
  3.2962   0.0181   0.5233  ...   -1.2618   3.3570  -0.6987
  0.9739  -4.7662   3.0882  ...    1.3595  -0.0979  -6.6309
           ...               ⋱              ...            
 -0.8114  -0.6734   0.2796  ...    0.7335  -1.3014  -0.6995
 -0.1084   0.7387  -0.3596  ...    0.1545  -0.1729   0.5684
  0.0426   0.9553  -0.4417  ...    0.0373   0.0416   0.7675
[torch.FloatTensor of size 100x10]
, Variable containing:
  2.5052   0.9907  -0.1355  ...   -1.2624   2.7159   0.6869
 -0.2518   0.4994  -0.2629  ...    0.2677  -0.3829   0.3475
  2.9804   0.4142   0.2491  ...   -1.2715   3.1048  -0.1080
           ...               ⋱              ...            
  0.4286   1.3606  -0.5582  ...   -0.2688   0.5593   1.1507
  1.2832   1.6370  -0.5839  ...   -0.8554   1.5552   1.4359
  0.2385   1.1765  -0.5128  ...   -0.1140   0.3067   0.9766
[torch.FloatTensor of size 100x10]
, Variable containing:
 2.9966  0.3971  0.2615  ...  -1.2720  3.1183 -0.1340
-1.1029 -1.6775  1.0098  ...   1.0310 -2.0756 -1.6657
-1.1841 -1.9688  1.2445  ...   1.1160 -2.3015 -1.9596
          ...             ⋱             ...          
-0.6091 -0.1833  0.0303  ...   0.5581 -0.9372 -0.2556
 1.9456  1.4284 -0.4050  ...  -1.1423  2.2406  1.1770
-0.8405 -0.7695  0.3387  ...   0.7617 -1.3701 -0.7893
[torch.FloatTensor of size 100x10]
, Variable containing:
  1.8036   1.5080  -0.4607  ...   -1.0924   2.1066   1.2642
 -0.7868  -0.5928   0.2339  ...    0.7089  -1.2457  -0.6238
  2.9314   0.4718   0.2086  ...   -1.2718   3.0649  -0.0219
           ...               ⋱              ...            
  3.2841   0.0397   0.5094  ...   -1.2643   3.3486  -0.6676
  2.0967   1.3572  -0.3549  ...   -1.1902   2.3770   1.0970
  0.8448   1.6029  -0.6074  ...   -0.5905   1.0720   1.3957
[torch.FloatTensor of size 100x10]
, Variable containing:
 0.4751  1.4011 -0.5690  ...  -0.3066  0.6205  1.1891
-0.7078 -0.3875  0.1271  ...   0.6376 -1.0968 -0.4352
-0.6303 -0.2267  0.0495  ...   0.5752 -0.9702 -0.2932
          ...             ⋱             ...          
-0.8607 -0.8394  0.3840  ...   0.7827 -1.4213 -0.8544
-0.7168 -0.4062  0.1365  ...   0.6447 -1.1118 -0.4519
-1.1023 -1.6758  1.0083  ...   1.0307 -2.0745 -1.6639
[torch.FloatTensor of size 100x10]
]
